Cat_seg.txt
Segments that connect navigation points
......
5129 7271 60.16
5129 7239 81.01
5129 7241 90.54
5335 4748 32.925622
5335 7484 26.1183
5335 13062 65.880873
5335 4753 22.11
6063 6062 0.532287
6063 6937 48.55701
6063 8453 40.897993
6063 12255 24.813981
6063 13017 23.409864
6063 7224 38.74
6063 7223 40.89
6063 7242 38.66
6061 6062 9.757524
6061 9158 66.217565
6061 9163 91.439189
6061 9716 22.412502
6061 11526 12.004148
6061 11763 74.343516
6061 11810 89.084843
6061 13421 105.245694
6110 4782 29.15
6110 4784 17.44
6252 4778 7.07
7100 7119 30.254189
7100 7125 24.851236
7100 7133 15.308921
7100 7294 10.13
7101 7109 23.789451
7101 7139 40.857651
7102 7110 52.874391
7102 7163 38.521456
7103 7122 33.654781
7103 7137 42.916723
7104 7123 31.562872
7104 7165 25.987348
7105 7113 37.452896
7105 7124 34.263518
7106 7128 29.184679
7106 7150 38.521674
7107 7121 46.325798
7107 7145 27.546321
7108 7116 30.865742
7108 7119 39.754128
7109 7115 28.756342
7109 7118 35.867432
7110 7122 38.754216
7110 7126 45.657891
7111 7121 37.542871
7111 7132 35.468724
7112 6062 35.468724
7112 7155 54.763214
7113 7141 28.543217
7113 7165 42.673521
7114 7128 37.562178
7114 7144 35.752318
7115 7118 29.874532
7115 7139 31.562389
7116 7108 21.546389
7116 7119 19.872345
7117 7146 39.672184
7117 7155 47.562389
7118 7115 29.874532
7118 7139 40.562879
7119 7108 39.754128
7119 7116 19.872345
7120 7122 46.752893
7120 7126 39.876543
7121 7107 46.325798
7121 7132 28.956723
7122 7103 33.654781
7122 7110 38.754216
7123 7104 31.562872
7123 7140 45.897621
7124 7105 34.263518
7124 7141 36.521784
7125 7100 24.851236
7125 7136 18.563284
7126 7110 45.657891
7126 7120 39.876543
7126 7177 70.8
7127 7149 54.231567
7127 7160 47.528934
7128 7106 29.184679
7128 7144 37.562178
7129 7142 30.265487
7129 7145 47.891234
7130 7144 41.256389
7130 7148 49.562387
7131 7151 31.256789
7131 7160 26.518934
7132 7111 35.468724
7132 7121 28.956723
7133 7100 15.308921
7133 7136 30.125637
7134 7147 40.125689
7134 7153 48.523697
7135 7138 28.563217
7135 7157 25.874312
7136 7125 18.563284
7136 7133 30.125637
7137 7103 42.916723
7137 7147 38.521456
7138 7135 28.563217
7138 7159 35.476581
7139 7101 40.857651
7139 7115 31.562389
7139 7118 40.562879
7140 7123 45.897621
7140 7165 25.736581
7141 7113 28.543217
7141 7124 36.521784
7142 7129 30.265487
7142 7154 31.853279
7143 7131 40.258941
7143 7151 45.687932
7144 7114 35.752318
7144 7130 41.256389
7145 7107 27.546321
7145 7129 47.891234
7146 7117 39.672184
7146 7155 16.536278
7147 7134 40.125689
7147 7137 38.521456
7148 7130 49.562387
7148 7160 33.684215
7149 7127 54.231567
7149 7155 45.648327
7150 7106 38.521674
7150 7162 33.246871
7151 7131 31.256789
7151 7143 45.687932
7152 7129 54.652389
7152 7154 32.564813
7153 7134 48.523697
7153 7164 32.564198
7154 7129 44.653287
7154 7152 32.564813
7155 7112 54.763214
7155 7117 47.562389
7155 7146 16.536278
7155 7149 45.648327
7156 7140 35.875324
7156 7123 31.549821
7157 7135 25.874312
7157 7138 28.963541
7158 7136 32.854927
7158 7147 55.643825
7159 7138 35.476581
7159 7208 1.75
7160 7127 47.528934
7160 7131 26.518934
7160 7148 33.684215
7161 6061 33.842561
7161 7155 28.346192
7162 7150 33.246871
7162 7128 40.135642
7163 7102 38.521456
7163 7166 40.85
7164 7153 32.564198
7164 7166 46.44
7165 7104 25.987348
7165 7113 42.673521
7165 7140 25.736581
7166 7163 40.85
7166 7164 46.44
7166 7197 38.04
7167 7204 17.22
7167 7201 27.51
7167 7167 0.0
7168 7167 16.29
7168 7207 20.46
7169 7168 19.22
7169 7207 14.46
7169 7207 14.46
7169 7206 9.22
7170 7169 27.41
7170 7206 21.17
7170 7213 41.75
7171 7172 9.12
7171 7170 35.12
7172 7158 4.84
7173 7158 36.52
7173 7171 39.69
7174 7173 20.52
7174 7175 37.66
7175 7209 46.92
7176 7175 37.4
7176 7177 30.5
7177 7179 39.73
7178 7177 29.1
7178 7179 21.1
7179 7180 17.74
7180 7181 26.63
7180 7218 17.1
7181 7182 16.58
7182 7219 42.1
7183 7182 19.73
7183 7184 22.07
7184 7257 30.9
7185 7178 34.39
7185 7184 113.21
7186 7187 13.17
7186 7134 36.84
7187 7188 12.94
7188 7189 4.84
7189 7126 110.28
7190 7191 21.75
7191 7193 10.68
7192 7193 7.36
7193 7236 23.26
7194 7193 32.53
7194 7195 24.41
7195 7196 18.96
7196 7222 10.34
7197 7198 9.96
7197 7199 54.66
7198 7199 46.04
7198 7197 9.96
7199 7200 15.29
7200 7173 33.12
7201 7202 36.17
7201 7203 23.22
7202 7203 22.22
7202 7206 33.17
7203 7204 12.48
7204 7205 11.61
7205 7167 29.08
7205 7168 36.66
7206 7207 9.33
7207 7206 9.33
7207 7205 17.41
7208 7170 33.37
7208 7209 38.79
7209 7211 50.35
7210 7211 19.19
7211 7212 28.54
7211 7125 50.21
7212 7156 32.34
7213 7214 8.13
7213 7289 41.92
7214 7292 6.13
7214 7293 18.54
7214 7294 24.62
7215 7216 20.1
7215 7176 21.75
7216 7217 20.73
7217 7126 51.56
7218 7219 48.39
7219 7220 36.59
7220 7221 8.48
7221 7220 8.48
7221 7236 13.13
7222 7223 27.47
7223 7239 49.33
7224 7242 22.52
7224 7223 27.47
7225 7224 15.7
7225 7222 19.73
7226 7225 35.85
7226 7227 56.9
7227 7228 15.87
7228 7229 17.09
7229 7230 20.76
7230 7231 10.72
7231 7225 19.08
7232 7227 80.84
7233 7232 21.83
7234 7232 41.64
7235 7234 58.98
7235 7233 29.58
7236 7237 9.31
7237 7194 10.68
7238 7239 10.53
7239 7238 10.53
7240 7223 6.82
7240 7241 31.49
7241 7242 23.21
7242 7225 34.61
7242 7243 52.54
7243 7240 23.67
7243 7242 52.54
7244 7267 63.89
7245 7238 8.68
7245 7243 41.93
7245 7241 32.7
7246 7247 22.35
7246 7223 35.76
7247 7248 30.76
7248 7249 28.05
7249 7251 61.03
7250 7249 34.73
7250 7247 21.12
7251 7252 89.84
7252 7253 31.8
7253 7252 31.8
7254 7255 8.65
7254 7256 19.13
7255 7257 40.45
7255 7269 75.68
7256 7257 17.68
7256 7244 42.35
7257 7258 17.3
7258 7259 19.9
7259 7261 22.51
7260 7261 30.05
7261 7262 23.22
7262 7291 105.66
7263 7264 27.53
7264 7265 14.32
7265 7261 28.05
7266 7267 20.48
7267 7268 11.18
7268 7269 18.7
7269 7270 12.17
7271 7272 49.71
7271 7273 50.73
7272 7273 6.42
7273 7274 17.23
7274 7223 9.43
7274 7240 51.54
7275 7276 21.66
7275 7276 21.66
7275 7278 4.77
7276 7237 47.42
7277 7241 82.76
7277 7278 14.87
7278 7279 10.68
7279 7280 4.7
7280 7278 10.31
7281 7203 9.8
7281 7282 3.94
7282 7283 15.13
7283 7205 47.71
7284 7285 5.73
7284 7139 76.98
7285 7286 29.79
7286 7287 37.04
7286 7288 12.57
7287 7169 47.71
7288 7139 19.73
7288 7287 41.72
7289 7290 3.98
7290 7291 2.01
7291 7292 13.43
7292 7294 10.77
7293 7295 11.18
7294 7295 18.54
7295 7297 23.9
7296 7297 17.7
7297 7298 12.77
4748 4749 79.32445
4748 4750 92.46789
4749 4750 38.74563
4749 4751 35.68912
4750 4751 58.23457
4751 4752 95.67329
4752 4753 45.67821
4753 4754 125.74562
4754 4755 73.21456
4755 4756 10.56742
4756 4757 25.67841
4757 4758 45.73215
4758 4759 26.29
4760 4761 10.73
4760 4762 25.89
4762 4763 75.56
4763 4764 12.78
4764 4765 5.92
4765 4766 9.51
4766 4767 21.73
4767 4768 35.77
4768 4769 62.52
4769 4770 17.35
4770 4771 16.38
4771 4755 124.21
4755 4772 30.79
4773 4774 9.99
4773 4775 153.86
4775 4776 6.29
4776 4777 162.04
4777 4778 60.82
4778 4779 75.95
4779 4780 5.12
4780 4781 15.83
4781 4782 80.18
4782 4783 22.31
4783 4784 32.32
4784 4785 122.26
4785 4777 54.58
4786 4787 28.22
4787 4788 19.39
4788 4789 18.22
4789 4790 39.99
4790 4791 25.35
4791 4781 60.61
4750 4763 54.58
4756 4763 35.77
4766 4763 25.35
4772 4750 30.24
4772 4756 30.11
4772 4767 36.66
4772 4287 41.75